PC 1.0000  .7316 .6079 .5743 .4997 .4852 .3391 .4445 .3959 .3859
WK .7316   1.0000 .7201 .5963 .4968 .5473 .4366 .5344 .3244 .3278
GS .6079   .7201  1.0000 .6111 .5542 .6377 .5202 .6245 .2751 .2487
AR .5743   .5963 .6111 1.0000 -.7069 .6134 .4004 .4868 .4703 .3953
MK .4997   .4968 .5542 -.7069 1.0000 .4939 -.1966 .3696 4961 .4078
MC .4852   .5473 .6377 .6134 .4939 1.0000 .6181 .6304 .2279 .2212
AS .3391   .4366 .5202 .4004 -.1966 .6181 1.0000 .6692 .0470 .0583
EL .4445   .5344 .6245 .4868 .3696 .6304 .6692 1.0000 .1452 .1471
NO .3959   .3244 .2751 .4703 .4961 .2279 .0470 -.1452 1.0000 .6401
CS .3859   .3278 .2487 .3953 .4078 .2212 .0583 .1471 .6401 1.0000
CT .3529   .3409 .3684 .5582 -.5163 .4259 .2093 .2685 -.3705 .3490
SM .3704   .3682 .3606 .5318 -.4892 .3854 .1703 .2373 .3412 .3387
FR .4425   .4727 .5026 .5945 .5457 -.5313 .3108 .3914 .3073 .2872
ID .3909   .4310 -.5024 .5695 .5174 -.5743 .3787 .4315 .2601 .2584
A0 .3611   .3990 .4743 .5142 .4675 .5559 .3889 .4254 .2371 .2669
S0 .3930  -.4392 .4888 -5366 .4824 .5622 .3955 .4291 .2250 -2380
Tl —.2272 -.2440 —.2882 —.2956 —.2608 -.3677 -.2589 -.2659 -.2008 .1967
T2 —.2614 —.2967 —.3405 -.3369 —.2806 —.4362 —.3230 —.3233 —.1910 —.2104
TI —.2224 -.2537 —.3151 —.2651 —.2300 -.3216 —.2274 -.2349 -.1781 -.1917